 Mach Number             Cd Rocket - (Unpowered) Body Skin Friction      Nose Pressure Drag      Base Drag               Body Pressure Drag      Interference Drag       Fin Skin Friction      
 0.00000000000000E+0000  2.02532035053291E-0001  9.81388227187049E-0002  0.00000000000000E+0000  7.09538470372961E-0002  3.34393652972905E-0002  0.00000000000000E+0000  0.00000000000000E+0000 
 3.00000000000000E-0002  2.02546879576220E-0001  9.81539813299320E-0002  0.00000000000000E+0000  7.09483678744204E-0002  3.34445303718673E-0002  0.00000000000000E+0000  0.00000000000000E+0000 
 6.00000000000000E-0002  2.02535394443253E-0001  9.81422533019089E-0002  0.00000000000000E+0000  7.09526069231127E-0002  3.34405342182309E-0002  0.00000000000000E+0000  0.00000000000000E+0000 
 9.00000000000000E-0002  2.02498604085863E-0001  9.81046796515597E-0002  0.00000000000000E+0000  7.09661928866647E-0002  3.34277315476386E-0002  0.00000000000000E+0000  0.00000000000000E+0000 
 1.20000000000000E-0001  2.02437511345276E-0001  9.80422685775044E-0002  0.00000000000000E+0000  7.09887768787799E-0002  3.34064658889919E-0002  0.00000000000000E+0000  0.00000000000000E+0000 
 1.50000000000000E-0001  2.02353097113661E-0001  9.79559964545645E-0002  0.00000000000000E+0000  7.10200307313971E-0002  3.33770699276991E-0002  0.00000000000000E+0000  0.00000000000000E+0000 
 1.80000000000000E-0001  2.02246320087238E-0001  9.78468087982369E-0002  0.00000000000000E+0000  7.10596454546951E-0002  3.33398658343062E-0002  0.00000000000000E+0000  0.00000000000000E+0000 
 2.10000000000000E-0001  2.02118116616628E-0001  9.77156212000424E-0002  0.00000000000000E+0000  7.11073298333823E-0002  3.32951655832030E-0002  0.00000000000000E+0000  0.00000000000000E+0000 
 2.40000000000000E-0001  2.01969400641591E-0001  9.75633202346282E-0002  0.00000000000000E+0000  7.11628091452577E-0002  3.32432712617048E-0002  0.00000000000000E+0000  0.00000000000000E+0000 
 2.70000000000000E-0001  2.01801063698937E-0001  9.73907643394760E-0002  0.00000000000000E+0000  7.12258239896604E-0002  3.31844753698004E-0002  0.00000000000000E+0000  0.00000000000000E+0000 
 3.00000000000000E-0001  2.01613974993741E-0001  9.71987846680436E-0002  0.00000000000000E+0000  7.12961292148498E-0002  3.31190611108472E-0002  0.00000000000000E+0000  0.00000000000000E+0000 
 3.30000000000000E-0001  2.01408981525225E-0001  9.69881859171405E-0002  0.00000000000000E+0000  7.13734929345972E-0002  3.30473026734877E-0002  0.00000000000000E+0000  0.00000000000000E+0000 
 3.60000000000000E-0001  2.01186908259717E-0001  9.67597471293152E-0002  0.00000000000000E+0000  7.14576956253512E-0002  3.29694655050507E-0002  0.00000000000000E+0000  0.00000000000000E+0000 
 3.90000000000000E-0001  2.00948558343997E-0001  9.65142224710096E-0002  0.00000000000000E+0000  7.15485292962907E-0002  3.28858065766967E-0002  0.00000000000000E+0000  0.00000000000000E+0000 
 4.20000000000000E-0001  2.00694713353172E-0001  9.62523419872104E-0002  0.00000000000000E+0000  7.16457967254085E-0002  3.27965746405536E-0002  0.00000000000000E+0000  0.00000000000000E+0000 
 4.50000000000000E-0001  2.00426133567898E-0001  9.59748123333076E-0002  0.00000000000000E+0000  7.17493107555034E-0002  3.27020104790873E-0002  0.00000000000000E+0000  0.00000000000000E+0000 
 4.80000000000000E-0001  2.00143558276389E-0001  9.56823174848481E-0002  0.00000000000000E+0000  7.18588936446014E-0002  3.26023471469394E-0002  0.00000000000000E+0000  0.00000000000000E+0000 
 5.10000000000000E-0001  1.99847706097207E-0001  9.53755194258509E-0002  0.00000000000000E+0000  7.19743764658956E-0002  3.24978102054610E-0002  0.00000000000000E+0000  0.00000000000000E+0000 
 5.40000000000000E-0001  1.99539275319292E-0001  9.50550588163320E-0002  0.00000000000000E+0000  7.20955985527983E-0002  3.23886179501615E-0002  0.00000000000000E+0000  0.00000000000000E+0000 
 5.70000000000000E-0001  1.99218944256097E-0001  9.47215556396661E-0002  0.00000000000000E+0000  7.22224069851432E-0002  3.22749816312879E-0002  0.00000000000000E+0000  0.00000000000000E+0000 
 6.00000000000000E-0001  1.98887371611106E-0001  9.43756098303926E-0002  0.00000000000000E+0000  7.23546561129723E-0002  3.21571056677406E-0002  0.00000000000000E+0000  0.00000000000000E+0000 
 6.30000000000000E-0001  1.98545196852278E-0001  9.40178018830592E-0002  0.00000000000000E+0000  7.24922071146910E-0002  3.20351878545277E-0002  0.00000000000000E+0000  0.00000000000000E+0000 
 6.60000000000000E-0001  1.98193040593313E-0001  9.36486934426715E-0002  0.00000000000000E+0000  7.26349275866896E-0002  3.19094195639521E-0002  0.00000000000000E+0000  0.00000000000000E+0000 
 6.90000000000000E-0001  1.97831504979836E-0001  9.32688278773077E-0002  0.00000000000000E+0000  7.27826911618067E-0002  3.17799859407215E-0002  0.00000000000000E+0000  0.00000000000000E+0000 
 7.20000000000000E-0001  1.97461174078858E-0001  9.28787308334340E-0002  0.00000000000000E+0000  7.29353771542595E-0002  3.16470660911644E-0002  0.00000000000000E+0000  0.00000000000000E+0000 
 7.50000000000000E-0001  1.97082614270062E-0001  9.24789107744447E-0002  0.00000000000000E+0000  7.30928702288882E-0002  3.15108332667291E-0002  0.00000000000000E+0000  0.00000000000000E+0000 
 7.80000000000000E-0001  1.96696374637633E-0001  9.20698595029325E-0002  0.00000000000000E+0000  7.32550600927603E-0002  3.13714550419400E-0002  0.00000000000000E+0000  0.00000000000000E+0000 
 8.10000000000000E-0001  1.96278910862204E-0001  9.16520526671803E-0002  0.00000000000000E+0000  7.34218412073601E-0002  3.12050169876640E-0002  0.00000000000000E+0000  0.00000000000000E+0000 
 8.40000000000000E-0001  1.95659828956108E-0001  9.12259502523519E-0002  1.39555304422354E-0004  7.35931125197486E-0002  3.07012108795855E-0002  0.00000000000000E+0000  0.00000000000000E+0000 
 8.70000000000000E-0001  1.97354228378137E-0001  9.07919970568418E-0002  2.26363519905138E-0003  7.45240403649541E-0002  2.97745557572894E-0002  0.00000000000000E+0000  0.00000000000000E+0000 
 9.00000000000000E-0001  2.05165478288776E-0001  9.03506231542341E-0002  6.96121122987020E-0003  7.94114115522827E-0002  2.84422323523889E-0002  0.00000000000000E+0000  0.00000000000000E+0000 
 9.30000000000000E-0001  2.19349544241958E-0001  8.99022443413030E-0002  1.42322833968788E-0002  8.84879580430358E-0002  2.67270584607406E-0002  0.00000000000000E+0000  0.00000000000000E+0000 
 9.60000000000000E-0001  2.39934887518367E-0001  8.94472625724791E-0002  2.40768517000773E-0002  1.01753679837213E-0001  2.46570934085975E-0002  0.00000000000000E+0000  0.00000000000000E+0000 
 9.90000000000000E-0001  2.66954730306819E-0001  8.89860663811866E-0002  3.64949161394656E-0002  1.19208576934815E-0001  2.22651708513510E-0002  0.00000000000000E+0000  0.00000000000000E+0000 
 1.02000000000000E+0000  3.35782574172853E-0001  8.79259054274653E-0002  5.14864767150436E-0002  1.40852649335843E-0001  1.94571150561460E-0002  3.60604276383558E-0002  0.00000000000000E+0000 
 1.05000000000000E+0000  3.74248529931348E-0001  8.65791335290921E-0002  6.90515334268115E-0002  1.66685897040294E-0001  1.63896389106915E-0002  3.55423270244589E-0002  0.00000000000000E+0000 
 1.08000000000000E+0000  3.88548110573681E-0001  8.52456749109230E-0002  8.91900862747693E-0002  1.65917258058290E-0001  1.31867052878813E-0002  3.50083860418177E-0002  0.00000000000000E+0000 
 1.11000000000000E+0000  3.98165862919749E-0001  8.39257715892829E-0002  1.04708998130079E-0001  1.64987006609836E-0001  9.89772827633226E-0003  3.46463583142184E-0002  0.00000000000000E+0000 
 1.14000000000000E+0000  3.93911546693111E-0001  8.26196413623716E-0002  1.06426362673426E-0001  1.63922527620297E-0001  6.57182122427190E-0003  3.43711938127439E-0002  0.00000000000000E+0000 
 1.17000000000000E+0000  3.89245995961465E-0001  8.13274790416708E-0002  1.07765938031201E-0001  1.62746944187354E-0001  3.25709602423790E-0003  3.41485386770009E-0002  0.00000000000000E+0000 
 1.20000000000000E+0000  3.84263978720394E-0001  8.00494576295055E-0002  1.08773613579930E-0001  1.61479827408144E-0001  4.75745192770011E-0018  3.39610801028153E-0002  0.00000000000000E+0000 
 1.23000000000000E+0000  3.82213126322441E-0001  7.87857294449925E-0002  1.09490751178290E-0001  1.60137777044499E-0001  0.00000000000000E+0000  3.37988686546595E-0002  0.00000000000000E+0000 
 1.26000000000000E+0000  3.79881716072936E-0001  7.75364272005199E-0002  1.09954730026738E-0001  1.58734898667058E-0001  0.00000000000000E+0000  3.36556601786201E-0002  0.00000000000000E+0000 
 1.29000000000000E+0000  3.77311556158590E-0001  7.63016650308119E-0002  1.10199414700262E-0001  1.57283197401084E-0001  0.00000000000000E+0000  3.35272790264308E-0002  0.00000000000000E+0000 
 1.32000000000000E+0000  3.74540797593951E-0001  7.50815394765517E-0002  1.10255558701110E-0001  1.55792904157006E-0001  0.00000000000000E+0000  3.34107952592824E-0002  0.00000000000000E+0000 
 1.35000000000000E+0000  3.71604104969846E-0001  7.38761304244542E-0002  1.10151153661684E-0001  1.54272746950465E-0001  0.00000000000000E+0000  3.33040739332433E-0002  0.00000000000000E+0000 
 1.38000000000000E+0000  3.68532923210120E-0001  7.26855020056018E-0002  1.09911732549047E-0001  1.52730177366830E-0001  0.00000000000000E+0000  3.32055112886405E-0002  0.00000000000000E+0000 
 1.41000000000000E+0000  3.65355769434540E-0001  7.15097034537863E-0002  1.09560633787485E-0001  1.51171560230632E-0001  0.00000000000000E+0000  3.31138719626361E-0002  0.00000000000000E+0000 
 1.44000000000000E+0000  3.62098519059173E-0001  7.03487699255248E-0002  1.09119232052114E-0001  1.49602332971740E-0001  0.00000000000000E+0000  3.30281841097939E-0002  0.00000000000000E+0000 
 1.47000000000000E+0000  3.58784673119473E-0001  6.92027232833525E-0002  1.08607140538712E-0001  1.48027139940203E-0001  0.00000000000000E+0000  3.29476693572054E-0002  0.00000000000000E+0000 
 1.50000000000000E+0000  3.55435602097716E-0001  6.80715728439284E-0002  1.08042388739227E-0001  1.46449945936612E-0001  0.00000000000000E+0000  3.28716945779473E-0002  0.00000000000000E+0000 
 1.53000000000000E+0000  3.52070765453551E-0001  6.69553160924284E-0002  1.07441579114794E-0001  1.44874132438737E-0001  0.00000000000000E+0000  3.27997378075914E-0002  0.00000000000000E+0000 
 1.56000000000000E+0000  3.49129484066866E-0001  6.58539393646385E-0002  1.07241601723721E-0001  1.43302579374913E-0001  0.00000000000000E+0000  3.27313636035922E-0002  0.00000000000000E+0000 
 1.59000000000000E+0000  3.45861118097584E-0001  6.47674184981055E-0002  1.06689759938474E-0001  1.41737734787229E-0001  0.00000000000000E+0000  3.26662048737750E-0002  0.00000000000000E+0000 
 1.62000000000000E+0000  3.42635430653108E-0001  6.36957194536441E-0002  1.06154087644100E-0001  1.40181674317322E-0001  0.00000000000000E+0000  3.26039492380415E-0002  0.00000000000000E+0000 
 1.65000000000000E+0000  3.39453114123095E-0001  6.26387989084496E-0002  1.05633834469005E-0001  1.38636152114611E-0001  0.00000000000000E+0000  3.25443286310284E-0002  0.00000000000000E+0000 
 1.68000000000000E+0000  3.36314656966296E-0001  6.15966048220120E-0002  1.05128296385113E-0001  1.37102644495527E-0001  0.00000000000000E+0000  3.24871112636436E-0002  0.00000000000000E+0000 
 1.71000000000000E+0000  3.33220372033574E-0001  6.05690769759781E-0002  1.04636812267837E-0001  1.35582387460487E-0001  0.00000000000000E+0000  3.24320953292701E-0002  0.00000000000000E+0000 
 1.74000000000000E+0000  3.30170421249985E-0001  5.95561474890650E-0002  1.04158760748358E-0001  1.34076408993355E-0001  0.00000000000000E+0000  3.23791040192071E-0002  0.00000000000000E+0000 
 1.77000000000000E+0000  3.27161006740878E-0001  5.85577413080766E-0002  1.03689726980903E-0001  1.32585556918282E-0001  0.00000000000000E+0000  3.23279815336159E-0002  0.00000000000000E+0000 
 1.80000000000000E+0000  3.24201663215990E-0001  5.75737766760397E-0002  1.03238773716306E-0001  1.31110522965086E-0001  0.00000000000000E+0000  3.22785898585571E-0002  0.00000000000000E+0000 
 1.83000000000000E+0000  3.21285297724098E-0001  5.66041655784271E-0002  1.02798462414810E-0001  1.29651863591769E-0001  0.00000000000000E+0000  3.22308061390911E-0002  0.00000000000000E+0000 
 1.86000000000000E+0000  3.18411675873434E-0001  5.56488141684012E-0002  1.02368323156582E-0001  1.28210018027586E-0001  0.00000000000000E+0000  3.21845205208643E-0002  0.00000000000000E+0000 
 1.89000000000000E+0000  3.15580496072371E-0001  5.47076231719690E-0002  1.01947914607964E-0001  1.26785323929085E-0001  0.00000000000000E+0000  3.21396343633526E-0002  0.00000000000000E+0000 
 1.92000000000000E+0000  3.12791399890902E-0001  5.37804882739068E-0002  1.01536821884313E-0001  1.25378030982176E-0001  0.00000000000000E+0000  3.20960587505055E-0002  0.00000000000000E+0000 
 1.95000000000000E+0000  3.10043981061522E-0001  5.28673004852737E-0002  1.01134654601373E-0001  1.23988312733595E-0001  0.00000000000000E+0000  3.20537132412797E-0002  0.00000000000000E+0000 
 1.98000000000000E+0000  3.07337793297880E-0001  5.19679464933029E-0002  1.00741045096106E-0001  1.22616276893347E-0001  0.00000000000000E+0000  3.20125248151240E-0002  0.00000000000000E+0000 
 2.01000000000000E+0000  3.04672357086028E-0001  5.10823089944239E-0002  1.00355646800067E-0001  1.21261974314540E-0001  0.00000000000000E+0000  3.19724269769953E-0002  0.00000000000000E+0000 
 2.04000000000000E+0000  3.02047165582574E-0001  5.02102670111421E-0002  9.99781327503061E-0002  1.19925406827347E-0001  0.00000000000000E+0000  3.19333589937782E-0002  0.00000000000000E+0000 
 2.07000000000000E+0000  2.99461689736172E-0001  4.93516961934671E-0002  9.96081942244435E-0002  1.18606534078664E-0001  0.00000000000000E+0000  3.18952652395972E-0002  0.00000000000000E+0000 
 2.10000000000000E+0000  2.96915382733259E-0001  4.85064691055569E-0002  9.92455394880328E-0002  1.17305279507781E-0001  0.00000000000000E+0000  3.18580946318876E-0002  0.00000000000000E+0000 
 2.13000000000000E+0000  2.94407683855555E-0001  4.76744554982159E-0002  9.88898926435879E-0002  1.16021535570233E-0001  0.00000000000000E+0000  3.18218001435180E-0002  0.00000000000000E+0000 
 2.16000000000000E+0000  2.91938021825211E-0001  4.68555225678576E-0002  9.85409925717990E-0002  1.14755168306587E-0001  0.00000000000000E+0000  3.17863383789668E-0002  0.00000000000000E+0000 
 2.19000000000000E+0000  2.89505817703439E-0001  4.60495352025197E-0002  9.81985919564476E-0002  1.13506021339766E-0001  0.00000000000000E+0000  3.17516692047052E-0002  0.00000000000000E+0000 
 2.22000000000000E+0000  2.87110487399822E-0001  4.52563562154931E-0002  9.78624563854136E-0002  1.12273919373252E-0001  0.00000000000000E+0000  3.17177554256633E-0002  0.00000000000000E+0000 
 2.25000000000000E+0000  2.84751443841957E-0001  4.44758465671028E-0002  9.75323635209456E-0002  1.11058671252866E-0001  0.00000000000000E+0000  3.16845625010416E-0002  0.00000000000000E+0000 
 2.28000000000000E+0000  2.82428098848634E-0001  4.37078655751607E-0002  9.72081023330568E-0002  1.09860072646563E-0001  0.00000000000000E+0000  3.16520582938528E-0002  0.00000000000000E+0000 
 2.31000000000000E+0000  2.80139864744129E-0001  4.29522711145810E-0002  9.68894723905207E-0002  1.08677908389535E-0001  0.00000000000000E+0000  3.16202128494909E-0002  0.00000000000000E+0000 
 2.34000000000000E+0000  2.77886155746333E-0001  4.22089198066374E-0002  9.65762832044876E-0002  1.07511954535831E-0001  0.00000000000000E+0000  3.15889981993764E-0002  0.00000000000000E+0000 
 2.37000000000000E+0000  2.75666389157252E-0001  4.14776671983134E-0002  9.62683536202258E-0002  1.06361980152378E-0001  0.00000000000000E+0000  3.15583881863350E-0002  0.00000000000000E+0000 
 2.40000000000000E+0000  2.73479986380736E-0001  4.07583679321854E-0002  9.59655112529268E-0002  1.05227748886741E-0001  0.00000000000000E+0000  3.15283583088820E-0002  0.00000000000000E+0000 
 2.43000000000000E+0000  2.71326373789166E-0001  4.00508759072533E-0002  9.56675919638993E-0002  1.04109020336014E-0001  0.00000000000000E+0000  3.14988855819992E-0002  0.00000000000000E+0000 
 2.46000000000000E+0000  2.69204983458063E-0001  3.93550444311218E-0002  9.53744393738214E-0002  1.03005551240771E-0001  0.00000000000000E+0000  3.14699484123487E-0002  0.00000000000000E+0000 
 2.49000000000000E+0000  2.67115253785196E-0001  3.86707263639154E-0002  9.50859044100327E-0002  1.01917096525090E-0001  0.00000000000000E+0000  3.14415264861572E-0002  0.00000000000000E+0000 
 2.52000000000000E+0000  2.65056630008697E-0001  3.79977742542945E-0002  9.48018448851232E-0002  1.00843410201026E-0001  0.00000000000000E+0000  3.14136006682526E-0002  0.00000000000000E+0000 
 2.55000000000000E+0000  2.63028564636883E-0001  3.73360404679265E-0002  9.45221251043269E-0002  9.97842461536841E-0002  0.00000000000000E+0000  3.13861529109458E-0002  0.00000000000000E+0000 
 2.58000000000000E+0000  2.61030517800909E-0001  3.66853773087486E-0002  9.42466154994503E-0002  9.87393588210892E-0002  0.00000000000000E+0000  3.13591661716213E-0002  0.00000000000000E+0000 
 2.61000000000000E+0000  2.59061957539993E-0001  3.60456371333473E-0002  9.39751922872700E-0002  9.77085037813214E-0002  0.00000000000000E+0000  3.13326243380545E-0002  0.00000000000000E+0000 
 2.64000000000000E+0000  2.57122360027776E-0001  3.54166724587635E-0002  9.37077371505135E-0002  9.66914382578987E-0002  0.00000000000000E+0000  3.13065121605999E-0002  0.00000000000000E+0000 
 2.67000000000000E+0000  2.55211209747307E-0001  3.47983360640214E-0002  9.34441369397017E-0002  9.56879215530842E-0002  0.00000000000000E+0000  3.12808151904998E-0002  0.00000000000000E+0000 
 2.70000000000000E+0000  2.53327999621257E-0001  3.41904810856654E-0002  9.31842833942819E-0002  9.46977154176458E-0002  0.00000000000000E+0000  3.12555197236635E-0002  0.00000000000000E+0000 
 2.73000000000000E+0000  2.51472231103120E-0001  3.35929611075782E-0002  9.29280728816091E-0002  9.37205843645934E-0002  0.00000000000000E+0000  3.12306127493392E-0002  0.00000000000000E+0000 
 2.76000000000000E+0000  2.49643414234517E-0001  3.30056302453414E-0002  9.26754061524611E-0002  9.27562959335381E-0002  0.00000000000000E+0000  3.12060819031765E-0002  0.00000000000000E+0000 
 2.79000000000000E+0000  2.47841067673041E-0001  3.24283432253886E-0002  9.24261881118772E-0002  9.18046209115416E-0002  0.00000000000000E+0000  3.11819154242335E-0002  0.00000000000000E+0000 
 2.82000000000000E+0000  2.46064718694588E-0001  3.18609554591908E-0002  9.21803276042141E-0002  9.08653335156478E-0002  0.00000000000000E+0000  3.11581021155351E-0002  0.00000000000000E+0000 
 2.85000000000000E+0000  2.44313903173622E-0001  3.13033231127042E-0002  9.19377372113995E-0002  8.99382115416829E-0002  0.00000000000000E+0000  3.11346313078358E-0002  0.00000000000000E+0000 
 2.88000000000000E+0000  2.42588165544415E-0001  3.07553031712999E-0002  9.16983330634507E-0002  8.90230364833877E-0002  0.00000000000000E+0000  3.11114928262767E-0002  0.00000000000000E+0000 
 2.91000000000000E+0000  2.40887058745922E-0001  3.02167535003866E-0002  9.14620346603948E-0002  8.81195936254773E-0002  0.00000000000000E+0000  3.10886769596631E-0002  0.00000000000000E+0000 
 2.94000000000000E+0000  2.39210144152658E-0001  2.96875329019270E-0002  9.12287647048017E-0002  8.72276721138116E-0002  0.00000000000000E+0000  3.10661744321181E-0002  0.00000000000000E+0000 
 2.97000000000000E+0000  2.37556991493634E-0001  2.91675011670428E-0002  9.09984489441971E-0002  8.63470650055012E-0002  0.00000000000000E+0000  3.10439763768929E-0002  0.00000000000000E+0000 
 3.00000000000000E+0000  2.35927178761162E-0001  2.86565191248911E-0002  9.07710160226848E-0002  8.54775693014455E-0002  0.00000000000000E+0000  3.10220743121406E-0002  0.00000000000000E+0000 
