     0.00000000  1273.00000000     0.00000000     1.00000000     1.00000000     0.00000000     0.00000000
     0.00256410  1155.99330404     0.02564103     0.87974646     0.87248884     0.00725762     0.00831829
     0.00512821  1053.05618902     0.05128205     0.77395292     0.74905753     0.02489538     0.03323561
     0.00769231   962.49672339     0.07692308     0.68088050     0.63327996     0.04760054     0.07516508
     0.01025641   882.82642152     0.10256410     0.59899941     0.52784582     0.07115359     0.13479994
     0.01282051   812.73577812     0.12820513     0.52696380     0.43438539     0.09257842     0.21312507
     0.01538462   751.07274449     0.15384615     0.46358967     0.35349850     0.11009117     0.31143319
     0.01794872   696.82379279     0.17948718     0.40783535     0.28493129     0.12290406     0.43134631
     0.02051282   649.09725715     0.20512821     0.35878444     0.22782243     0.13096201     0.57484245
     0.02307692   607.10867773     0.23076923     0.31563071     0.18095099     0.13467972     0.74428840
     0.02564103   570.16790696     0.25641026     0.27766486     0.14294357     0.13472128     0.94247878
     0.02820513   537.66776582     0.28205128     0.24426286     0.11242457     0.13183830     1.17268228
     0.03076923   509.07406396     0.30769231     0.21487571     0.08811091     0.12676480     1.43869576
     0.03333333   483.91681943     0.33333333     0.18902037     0.06886221     0.12015816     1.74490713
     0.03589744   461.78253380     0.35897436     0.16627187     0.05369900     0.11257287     2.09636810
     0.03846154   442.30739567     0.38461538     0.14625632     0.04180092     0.10445540     2.49887813
     0.04102564   425.17130086     0.41025641     0.12864471     0.03249358     0.09615113     2.95908098
     0.04358974   410.09259101     0.43589744     0.11314758     0.02523039     0.08791719     3.48457561
     0.04615385   396.82342408     0.46153846     0.09951020     0.01957304     0.07993716     4.08404352
     0.04871795   385.14570067     0.48717949     0.08750843     0.01517296     0.07233547     4.76739493
     0.05128205   374.86747924     0.51282051     0.07694499     0.01175462     0.06519037     5.54593665
     0.05384615   365.81982125     0.53846154     0.06764627     0.00910134     0.05854493     6.43256520
     0.05641026   357.85401436     0.56410256     0.05945942     0.00704329     0.05241612     7.44198931
     0.05897436   350.83912816     0.58974359     0.05224987     0.00544781     0.04680206     8.59098723
     0.06153846   344.65986207     0.61538462     0.04589914     0.00421143     0.04168771     9.89870532
     0.06410256   339.21465026     0.64102564     0.04030283     0.00325364     0.03704919    11.38700668
     0.06666667   334.41399220     0.66666667     0.03536895     0.00251184     0.03285711    13.08088108
     0.06923077   330.17898162     0.69230769     0.03101643     0.00193745     0.02907898    15.00893181
     0.07179487   326.44000952     0.71794872     0.02717370     0.00149274     0.02568096    17.20396117
     0.07435897   323.13562009     0.74358974     0.02377762     0.00114847     0.02262914    19.70368639
     0.07692308   320.21150055     0.76923077     0.02077235     0.00088199     0.01989036    22.55163389
     0.07948718   317.61958845     0.79487179     0.01810852     0.00067573     0.01743278    25.79828736
     0.08205128   315.31728168     0.82051282     0.01574232     0.00051610     0.01522623    29.50261355
     0.08461538   313.26673825     0.84615385     0.01363488     0.00039255     0.01324233    33.73418017
     0.08717949   311.43425430     0.87179487     0.01175155     0.00029693     0.01145461    38.57625585
     0.08974359   309.78971009     0.89743590     0.01006137     0.00022294     0.00983843    44.13064794
     0.09230769   308.30607499     0.92307692     0.00853656     0.00016568     0.00837089    50.52584843
     0.09487179   306.95896315     0.94871795     0.00715207     0.00012136     0.00703071    57.93203594
     0.09743590   305.72623269     0.97435897     0.00588513     0.00008707     0.00579806    66.59182393
     0.10000000   304.58762176     1.00000000     0.00471492     0.00006053     0.00465439    76.89220365
