     0.00000000  1273.00000000     0.00000000     1.00000000     1.00000000     0.00000000     0.00000000
     0.00526316  1048.42509283     0.05263158     0.76919331     0.74274538     0.02644794     0.03560835
     0.01052632   875.68017824     0.10526316     0.59165486     0.51742557     0.07422929     0.14345888
     0.01578947   742.80231200     0.15789474     0.45508973     0.34186930     0.11322043     0.33118045
     0.02105263   640.58942581     0.21052632     0.35004052     0.21714895     0.13289157     0.61198348
     0.02631579   561.96306496     0.26315789     0.26923234     0.13424079     0.13499154     1.00559255
     0.03157895   501.47819061     0.31578947     0.20706906     0.08153486     0.12553420     1.53963839
     0.03684211   454.94609953     0.36842105     0.15924573     0.04897440     0.11027134     2.25161204
     0.04210526   419.14434776     0.42105263     0.12245051     0.02921380     0.09323671     3.19152911
     0.04736842   391.59358961     0.47368421     0.09413524     0.01735047     0.07678477     4.42551530
     0.05263158   370.38587782     0.52631579     0.07233903     0.01027453     0.06206450     6.04061888
     0.05789474   354.05253430     0.57894737     0.05555245     0.00607044     0.04948201     8.15131055
     0.06315789   341.46244109     0.63157895     0.04261299     0.00357840     0.03903460    10.90840608
     0.06842105   331.74370805     0.68421053     0.03262457     0.00210323     0.03052135    14.51168762
     0.07368421   324.22329275     0.73684211     0.02489547     0.00123070     0.02366477    19.22866491
     0.07894737   318.38039080     0.78947368     0.01889043     0.00071488     0.01817555    25.42470520
     0.08421053   313.81036910     0.84210526     0.01419360     0.00041001     0.01378358    33.61727542
     0.08947368   310.19674415     0.89473684     0.01047970     0.00022987     0.01024983    44.59065411
     0.09473684   307.28926492     0.94736842     0.00749154     0.00012342     0.00736812    59.69890017
     0.10000000   304.88658242     1.00000000     0.00502218     0.00006053     0.00496165    81.96818982
