     0.00000000  1273.00000000     0.00000000     1.00000000     1.00000000     0.00000000     0.00000000
     0.00040294  1253.59025943     0.00402938     0.98005165     0.97985524     0.00019642     0.00020046
     0.00092571  1228.98496691     0.00925707     0.95476358     0.95374625     0.00101733     0.00106667
     0.00150586  1202.42207199     0.01505855     0.92746359     0.92484691     0.00261668     0.00282931
     0.00212672  1174.83615962     0.02126717     0.89911219     0.89405992     0.00505227     0.00565093
     0.00277972  1146.73163149     0.02779725     0.87022778     0.86189767     0.00833011     0.00966485
     0.00345955  1118.43202686     0.03459547     0.84114288     0.82872228     0.01242060     0.01498766
     0.00416251  1090.16354333     0.04162511     0.81208997     0.79482213     0.01726784     0.02172541
     0.00488591  1062.09232572     0.04885913     0.78323980     0.76044369     0.02279611     0.02997738
     0.00562767  1034.34408417     0.05627672     0.75472157     0.72580655     0.02891502     0.03983846
     0.00638613  1007.01560811     0.06386130     0.72663475     0.69111092     0.03552382     0.05140104
     0.00715993   980.18207886     0.07159933     0.69905661     0.65654137     0.04251523     0.06475637
     0.00794795   953.90200109     0.07947952     0.67204728     0.62226850     0.04977878     0.07999566
     0.00874923   928.22068854     0.08749229     0.64565333     0.58844950     0.05720382     0.09721110
     0.00956294   903.17282309     0.09562940     0.61991040     0.55522818     0.06468222     0.11649665
     0.01038837   878.78439236     0.10388367     0.59484521     0.52273459     0.07211062     0.13794882
     0.01122488   855.07419474     0.11224881     0.57047708     0.49108471     0.07939236     0.16166735
     0.01207192   832.05503364     0.12071923     0.54681915     0.46038009     0.08643906     0.18775587
     0.01292900   809.73468211     0.12928995     0.52387943     0.43070765     0.09317177     0.21632254
     0.01379565   788.11667383     0.13795647     0.50166154     0.40213973     0.09952181     0.24748066
     0.01467147   767.20095994     0.14671474     0.48016543     0.37473423     0.10543120     0.28134927
     0.01555611   746.98446025     0.15556107     0.45938793     0.34853506     0.11085288     0.31805374
     0.01644921   727.46153018     0.16449208     0.43932326     0.32357274     0.11575052     0.35772644
     0.01735047   708.62435906     0.17350467     0.41996337     0.29986519     0.12009818     0.40050726
     0.01825960   690.46331222     0.18259600     0.40129837     0.27741865     0.12387972     0.44654433
     0.01917634   672.96722625     0.19176342     0.38331678     0.25622871     0.12708807     0.49599464
     0.02010045   656.12366503     0.20100450     0.36600582     0.23628146     0.12972436     0.54902472
     0.02103170   639.91914236     0.21031695     0.34935164     0.21755460     0.13179704     0.60581132
     0.02196987   624.33931627     0.21969866     0.33333948     0.20001863     0.13332085     0.66654216
     0.02291476   609.36915885     0.22914763     0.31795391     0.18363801     0.13431591     0.73141672
     0.02386620   594.99310483     0.23866200     0.30317894     0.16837222     0.13480671     0.80064698
     0.02482400   581.19518190     0.24824002     0.28899813     0.15417688     0.13482126     0.87445834
     0.02578800   567.95912485     0.25788005     0.27539478     0.14100462     0.13439016     0.95309045
     0.02675805   555.26847556     0.26758052     0.26235198     0.12880608     0.13354590     1.03679817
     0.02773400   543.10667061     0.27733997     0.24985269     0.11753058     0.13232211     1.12585258
     0.02871570   531.45711786     0.28715701     0.23787987     0.10712694     0.13075293     1.22054200
     0.02970303   520.30326324     0.29703031     0.22641651     0.09754400     0.12887251     1.32117315
     0.03069586   509.62864899     0.30695862     0.21544568     0.08873117     0.12671452     1.42807227
     0.03169408   499.41696406     0.31694075     0.20495063     0.08063886     0.12431177     1.54158643
     0.03269756   489.65208778     0.32697556     0.19491479     0.07321885     0.12169594     1.66208483
     0.03370620   480.31812730     0.33706197     0.18532182     0.06642454     0.11889728     1.78996022
     0.03471989   471.39944962     0.34719894     0.17615565     0.06021118     0.11594447     1.92563042
     0.03573855   462.88070877     0.35738549     0.16740052     0.05453603     0.11286449     2.06953990
     0.03676207   454.74686851     0.36762066     0.15904097     0.04935847     0.10968250     2.22216153
     0.03779036   446.98322125     0.37790356     0.15106189     0.04464006     0.10642183     2.38399831
     0.03882333   439.57540346     0.38823330     0.14344851     0.04034456     0.10310396     2.55558540
     0.03986091   432.50940790     0.39860906     0.13618644     0.03643792     0.09974852     2.73749212
     0.04090300   425.77159315     0.40903003     0.12926166     0.03288829     0.09637336     2.93032417
     0.04194954   419.34869064     0.41949545     0.12266052     0.02966594     0.09299459     3.13472593
     0.04300046   413.22780951     0.43000456     0.11636979     0.02674317     0.08962662     3.35138304
     0.04405567   407.39643946     0.44055666     0.11037661     0.02409430     0.08628230     3.58102498
     0.04511511   401.84245189     0.45115106     0.10466850     0.02169553     0.08297298     3.82442793
     0.04617871   396.55409956     0.46178708     0.09923340     0.01952484     0.07970856     4.08241784
     0.04724641   391.52001479     0.47246410     0.09405962     0.01756196     0.07649767     4.35587362
     0.04831815   386.72920662     0.48318148     0.08913588     0.01578819     0.07334768     4.64573063
     0.04939386   382.17105675     0.49393863     0.08445124     0.01418637     0.07026487     4.95298432
     0.05047350   377.83531476     0.50473497     0.07999518     0.01274074     0.06725445     5.27869424
     0.05155699   373.71209240     0.51556995     0.07575755     0.01143685     0.06432070     5.62398819
     0.05264430   369.79185728     0.52644300     0.07172853     0.01026149     0.06146703     5.99006674
     0.05373536   366.06542599     0.53735362     0.06789869     0.00920260     0.05869609     6.37820806
     0.05483013   362.52395666     0.54830129     0.06425895     0.00824914     0.05600981     6.78977305
     0.05592855   359.15894121     0.55928551     0.06080056     0.00739108     0.05340948     7.22621086
     0.05703058   355.96219719     0.57030581     0.05751511     0.00661925     0.05089585     7.68906478
     0.05813617   352.92585935     0.58136171     0.05439451     0.00592534     0.04846917     8.17997855
     0.05924528   350.04237108     0.59245277     0.05143101     0.00530178     0.04612923     8.70070314
     0.06035785   347.30447558     0.60357855     0.04861714     0.00474170     0.04387544     9.25310399
     0.06147386   344.70520699     0.61473861     0.04594574     0.00423886     0.04170688     9.83916883
     0.06259325   342.23788141     0.62593254     0.04340995     0.00378762     0.03962233    10.46101600
     0.06371599   339.89608790     0.63715994     0.04100317     0.00338285     0.03762033    11.12090345
     0.06484204   337.67367947     0.64842041     0.03871910     0.00301992     0.03569918    11.82123843
     0.06597136   335.56476408     0.65971357     0.03655166     0.00269464     0.03385702    12.56458784
     0.06710390   333.56369573     0.67103904     0.03449506     0.00240322     0.03209184    13.35368949
     0.06823965   331.66506555     0.68239646     0.03254375     0.00214224     0.03040151    14.19146423
     0.06937855   329.86369308     0.69378547     0.03069239     0.00190861     0.02878378    15.08102899
     0.07052057   328.15461752     0.70520573     0.02893589     0.00169954     0.02723635    16.02571102
     0.07166569   326.53308923     0.71665689     0.02726936     0.00151252     0.02575684    17.02906329
     0.07281386   324.99456128     0.72813864     0.02568814     0.00134529     0.02434285    18.09488126
     0.07396506   323.53468113     0.73965064     0.02418775     0.00119580     0.02299195    19.22722118
     0.07511926   322.14928255     0.75119258     0.02276391     0.00106222     0.02170168    20.43042014
     0.07627642   320.83437755     0.76276416     0.02141252     0.00094290     0.02046961    21.70911815
     0.07743651   319.58614858     0.77436506     0.02012965     0.00083636     0.01929329    23.06828245
     0.07859950   318.40094081     0.78599501     0.01891155     0.00074124     0.01817031    24.51323457
     0.07976537   317.27525464     0.79765371     0.01775463     0.00065637     0.01709826    26.04968057
     0.08093409   316.20573828     0.80934088     0.01665544     0.00058066     0.01607478    27.68374497
     0.08210562   315.18918056     0.82105625     0.01561067     0.00051314     0.01509753    29.42200942
     0.08327995   314.22250385     0.83279954     0.01461717     0.00045294     0.01416422    31.27155683
     0.08445705   313.30275713     0.84457050     0.01367190     0.00039930     0.01327260    33.24002271
     0.08563689   312.42710923     0.85636887     0.01277195     0.00035150     0.01242045    35.33565525
     0.08681944   311.59284220     0.86819439     0.01191453     0.00030893     0.01160561    37.56738710
     0.08800468   310.79734476     0.88004681     0.01109696     0.00027102     0.01082594    39.94492228
     0.08919259   310.03810599     0.89192591     0.01031666     0.00023728     0.01007938    42.47884348
     0.09038314   309.31270903     0.90383143     0.00957113     0.00020725     0.00936388    45.18074763
     0.09157631   308.61882490     0.91576314     0.00885799     0.00018054     0.00867745    48.06342079
     0.09277208   307.95420653     0.92772082     0.00817493     0.00015678     0.00801814    51.14107012
     0.09397042   307.31668274     0.93970425     0.00751972     0.00013566     0.00738405    54.42964005
     0.09517132   306.70415238     0.95171320     0.00689019     0.00011689     0.00677330    57.94725663
     0.09637475   306.11457852     0.96374746     0.00628425     0.00010020     0.00618405    61.71487350
     0.09758068   305.54598275     0.97580682     0.00569988     0.00008538     0.00561450    65.75724567
     0.09878911   304.99643940     0.98789106     0.00513509     0.00007222     0.00506287    70.10445892
     0.10000000   304.46406993     1.00000000     0.00458794     0.00006053     0.00452741    74.79444474
