     0.00000000  1273.00000000     0.00000000     1.00000000     1.00000000     0.00000000     0.00000000
     0.00292076  1247.16456169     0.02920759     0.97344765     0.97344765     0.00000000     0.00000000
     0.00671014  1213.64574902     0.06710141     0.93899871     0.93899871     0.00000000     0.00000000
     0.01091544  1176.44798547     0.10915438     0.90076874     0.90076874     0.00000000     0.00000000
     0.01541586  1136.63973908     0.15415857     0.85985585     0.85985585     0.00000000     0.00000000
     0.02014929  1094.77039723     0.20149287     0.81682466     0.81682466     0.00000000     0.00000000
     0.02507709  1051.18171948     0.25077092     0.77202643     0.77202643     0.00000000     0.00000000
     0.03017264  1006.10927466     0.30172641     0.72570326     0.72570326     0.00000000     0.00000000
     0.03541634   959.72638519     0.35416339     0.67803328     0.67803328     0.00000000     0.00000000
     0.04079310   912.16650466     0.40793098     0.62915365     0.62915365     0.00000000     0.00000000
     0.04629091   863.53589696     0.46290906     0.57917358     0.57917358     0.00000000     0.00000000
     0.05189995   813.92139196     0.51899945     0.52818231     0.52818231     0.00000000     0.00000000
     0.05761203   763.39541212     0.57612029     0.47625428     0.47625428     0.00000000     0.00000000
     0.06342021   712.01938176     0.63420214     0.42345260     0.42345260     0.00000000     0.00000000
     0.06931853   659.84612567     0.69318526     0.36983158     0.36983158     0.00000000     0.00000000
     0.07530177   606.92160841     0.75301771     0.31543845     0.31543845     0.00000000     0.00000000
     0.08136538   553.28622801     0.81365380     0.26031473     0.26031473     0.00000000     0.00000000
     0.08750531   498.97579923     0.87505305     0.20449722     0.20449722     0.00000000     0.00000000
     0.09371793   444.02231495     0.93717929     0.14801882     0.14801882     0.00000000     0.00000000
     0.10000000   388.45454545     1.00000000     0.09090909     0.09090909     0.00000000     0.00000000
