     0.00000000  1273.00000000     0.00000000     1.00000000     1.00000000     0.00000000     0.00000000
     0.00292076  1140.54860641     0.02920759     0.86387318     0.85498708     0.00888610     0.01039326
     0.00671014   995.42269982     0.06710141     0.71472014     0.67652980     0.03819034     0.05645035
     0.01091544   863.59323547     0.10915438     0.57923251     0.50264029     0.07659222     0.15237978
     0.01541586   750.11370762     0.15415857     0.46260402     0.35259017     0.11001385     0.31201621
     0.02014929   655.35054778     0.20149287     0.36521125     0.23526564     0.12994561     0.55233570
     0.02507709   577.84322007     0.25077092     0.28555316     0.15061329     0.13493987     0.89593600
     0.03017264   515.43590349     0.30172641     0.22141408     0.09327657     0.12813752     1.37373754
     0.03541634   465.81420450     0.35416339     0.17041542     0.05627254     0.11414288     2.02839373
     0.04079310   426.76907158     0.40793098     0.13028682     0.03324603     0.09704079     2.91886852
     0.04629091   396.31871973     0.46290906     0.09899149     0.01930877     0.07968272     4.12676225
     0.05189995   372.75296395     0.51899945     0.07477180     0.01105239     0.06371941     5.76521468
     0.05761203   354.63519244     0.57612029     0.05615128     0.00624482     0.04990646     7.99165626
     0.06342021   340.78228375     0.63420214     0.04191396     0.00348513     0.03842883    11.02651682
     0.06931853   330.23436143     0.69318526     0.03107334     0.00192027     0.02915307    15.18176290
     0.07530177   322.22126667     0.75301771     0.02283789     0.00104248     0.02179541    20.90734968
     0.08136538   316.12955048     0.81365380     0.01657713     0.00055488     0.01602226    28.87535204
     0.08750531   311.47187429     0.87505305     0.01179021     0.00028645     0.01150376    40.16019307
     0.09371793   307.85951406     0.93717929     0.00807761     0.00013990     0.00793770    56.73640138
     0.10000000   304.97791553     1.00000000     0.00511605     0.00006053     0.00505552    83.51891421
